Euclidiano
0.000000 0.239859 0.346989 0.513888 0.406522 0.650275 0.367978 0.659075 0.297957 0.336116 0.408982 0.549753 0.408874 0.584530 0.753641 0.292307 0.604461 0.171714 0.385924 0.445970
0.239859 0.000000 0.552072 0.727847 0.617851 0.635958 0.571113 0.815955 0.178952 0.169438 0.634893 0.636244 0.249494 0.770958 0.972883 0.532078 0.573183 0.290165 0.502116 0.208394
0.346989 0.552072 0.000000 0.527962 0.067783 0.586150 0.466274 0.340216 0.644656 0.563732 0.120050 0.359953 0.603106 0.241494 0.422715 0.236957 0.577040 0.275468 0.622153 0.731623
0.513888 0.727847 0.527962 0.000000 0.521078 1.082427 0.159817 0.828900 0.679012 0.849517 0.450366 0.884940 0.922665 0.695582 0.665093 0.300272 1.055894 0.627039 0.352810 0.933458
0.406522 0.617851 0.067783 0.521078 0.000000 0.629218 0.479949 0.316463 0.704420 0.631451 0.076355 0.387419 0.670029 0.199048 0.355634 0.249299 0.625893 0.343222 0.653700 0.799146
0.650275 0.635958 0.586150 1.082427 0.629218 0.000000 0.975047 0.526903 0.813588 0.490304 0.701769 0.267469 0.440248 0.603259 0.874809 0.783731 0.070522 0.483740 1.036197 0.654454
0.367978 0.571113 0.466274 0.159817 0.479949 0.975047 0.000000 0.796394 0.519729 0.699872 0.422675 0.804367 0.775440 0.673607 0.706496 0.231199 0.941276 0.501017 0.225637 0.775336
0.659075 0.815955 0.340216 0.828900 0.316463 0.526903 0.796394 0.000000 0.944912 0.765150 0.379882 0.268686 0.771252 0.138091 0.368177 0.565515 0.559553 0.528389 0.962338 0.953408
0.297957 0.178952 0.644656 0.679012 0.704420 0.813588 0.519729 0.944912 0.000000 0.343774 0.703008 0.793477 0.420217 0.880064 1.048655 0.556410 0.751649 0.420570 0.386270 0.301844
0.336116 0.169438 0.563732 0.849517 0.631451 0.490304 0.699872 0.765150 0.343774 0.000000 0.667326 0.545310 0.081415 0.748894 0.982622 0.611977 0.423254 0.289934 0.661710 0.189676
0.408982 0.634893 0.120050 0.450366 0.076355 0.701769 0.422675 0.379882 0.703008 0.667326 0.000000 0.463434 0.712716 0.251485 0.345669 0.198032 0.695508 0.377540 0.610863 0.825760
0.549753 0.636244 0.359953 0.884940 0.387419 0.267469 0.804367 0.268686 0.793477 0.545310 0.463434 0.000000 0.533682 0.335867 0.607355 0.586819 0.292145 0.383278 0.915682 0.734239
0.408874 0.249494 0.603106 0.922665 0.670029 0.440248 0.775440 0.771252 0.420217 0.081415 0.712716 0.533682 0.000000 0.769487 1.014638 0.674804 0.370715 0.337709 0.742925 0.214796
0.584530 0.770958 0.241494 0.695582 0.199048 0.603259 0.673607 0.138091 0.880064 0.748894 0.251485 0.335867 0.769487 0.000000 0.272245 0.445395 0.622362 0.481552 0.852719 0.930948
0.753641 0.972883 0.422715 0.665093 0.355634 0.874809 0.706496 0.368177 1.048655 0.982622 0.345669 0.607355 1.014638 0.272245 0.000000 0.519506 0.894548 0.697364 0.921381 1.154119
0.292307 0.532078 0.236957 0.300272 0.249299 0.783731 0.231199 0.565515 0.556410 0.611977 0.198032 0.586819 0.674804 0.445395 0.519506 0.000000 0.760212 0.349319 0.413296 0.737984
0.604461 0.573183 0.577040 1.055894 0.625893 0.070522 0.941276 0.559553 0.751649 0.423254 0.695508 0.292145 0.370715 0.622362 0.894548 0.760212 0.000000 0.443138 0.989587 0.584539
0.171714 0.290165 0.275468 0.627039 0.343222 0.483740 0.501017 0.528389 0.420570 0.289934 0.377540 0.383278 0.337709 0.481552 0.697364 0.349319 0.443138 0.000000 0.554898 0.456914
0.385924 0.502116 0.622153 0.352810 0.653700 1.036197 0.225637 0.962338 0.386270 0.661710 0.610863 0.915682 0.742925 0.852719 0.921381 0.413296 0.989587 0.554898 0.000000 0.680935
0.445970 0.208394 0.731623 0.933458 0.799146 0.654454 0.775336 0.953408 0.301844 0.189676 0.825760 0.734239 0.214796 0.930948 1.154119 0.737984 0.584539 0.456914 0.680935 0.000000
