Euclidiano
0.000000 0.445675 0.725156 0.855866 0.404067 0.949003 0.489484 0.676945 0.632920 0.157295 0.357405 0.703921 0.899351 0.148900 0.849469 0.318218 0.251999 0.421505 0.163971 1.003686
0.445675 0.000000 0.572181 0.798873 0.780822 0.757388 0.627608 0.271843 0.485756 0.599164 0.625732 0.588252 0.677102 0.437195 0.590178 0.507530 0.244706 0.027948 0.320944 0.880834
0.725156 0.572181 0.000000 0.247404 0.775389 0.223970 0.404830 0.448974 0.095767 0.855438 0.564260 0.056596 0.189635 0.827323 0.196748 0.474072 0.511597 0.586326 0.572667 0.310106
0.855866 0.798873 0.247404 0.000000 0.784234 0.265163 0.412048 0.696372 0.316003 0.959299 0.596133 0.213746 0.317366 0.980915 0.390521 0.552498 0.688184 0.809220 0.726444 0.178216
0.404067 0.780822 0.775389 0.784234 0.000000 0.977560 0.380690 0.939558 0.711638 0.356072 0.212544 0.729668 0.964460 0.537643 0.956611 0.326153 0.537242 0.763652 0.462737 0.960633
0.949003 0.757388 0.223970 0.265163 0.977560 0.000000 0.597815 0.572619 0.316888 1.078920 0.770914 0.254155 0.092043 1.048511 0.193966 0.691343 0.730397 0.775715 0.795248 0.173483
0.489484 0.627608 0.404830 0.412048 0.380690 0.597815 0.000000 0.680269 0.357811 0.564169 0.184095 0.354796 0.590692 0.632300 0.595990 0.172307 0.416844 0.623416 0.407088 0.584713
0.676945 0.271843 0.448974 0.696372 0.939558 0.572619 0.680269 0.000000 0.395808 0.834239 0.747988 0.488290 0.482277 0.698269 0.382314 0.622549 0.432054 0.299347 0.523577 0.726014
0.632920 0.485756 0.095767 0.316003 0.711638 0.316888 0.357811 0.395808 0.000000 0.766780 0.499094 0.102822 0.269621 0.732259 0.245046 0.398016 0.415898 0.498092 0.478375 0.402856
0.157295 0.599164 0.855438 0.959299 0.356072 1.078920 0.564169 0.834239 0.766780 0.000000 0.397635 0.828115 1.035978 0.213236 0.992963 0.406853 0.407474 0.574044 0.317148 1.117649
0.357405 0.625732 0.564260 0.596133 0.212544 0.770914 0.184095 0.747988 0.499094 0.397635 0.000000 0.520166 0.753724 0.506285 0.744078 0.125609 0.384339 0.613646 0.334896 0.768068
0.703921 0.588252 0.056596 0.213746 0.729668 0.254155 0.354796 0.488290 0.102822 0.828115 0.520166 0.000000 0.235919 0.813442 0.252770 0.437188 0.503364 0.600095 0.557046 0.308457
0.899351 0.677102 0.189635 0.317366 0.964460 0.092043 0.590692 0.482277 0.269621 1.035978 0.753724 0.235919 0.000000 0.990074 0.101951 0.662729 0.670179 0.696734 0.741086 0.261288
0.148900 0.437195 0.827323 0.980915 0.537643 1.048511 0.632300 0.698269 0.732259 0.213236 0.506285 0.813442 0.990074 0.000000 0.928797 0.460013 0.319997 0.409686 0.256649 1.119330
0.849469 0.590178 0.196748 0.390521 0.956611 0.193966 0.595990 0.382314 0.245046 0.992963 0.744078 0.252770 0.101951 0.928797 0.000000 0.641575 0.609808 0.611427 0.687422 0.360361
0.318218 0.507530 0.474072 0.552498 0.326153 0.691343 0.172307 0.622549 0.398016 0.406853 0.125609 0.437188 0.662729 0.460013 0.641575 0.000000 0.272463 0.497523 0.242544 0.713446
0.251999 0.244706 0.511597 0.688184 0.537242 0.730397 0.416844 0.432054 0.415898 0.407474 0.384339 0.503364 0.670179 0.319997 0.609808 0.272463 0.000000 0.230178 0.091715 0.811745
0.421505 0.027948 0.586326 0.809220 0.763652 0.775715 0.623416 0.299347 0.498092 0.574044 0.613646 0.600095 0.696734 0.409686 0.611427 0.497523 0.230178 0.000000 0.301977 0.895805
0.163971 0.320944 0.572667 0.726444 0.462737 0.795248 0.407088 0.523577 0.478375 0.317148 0.334896 0.557046 0.741086 0.256649 0.687422 0.242544 0.091715 0.301977 0.000000 0.862685
1.003686 0.880834 0.310106 0.178216 0.960633 0.173483 0.584713 0.726014 0.402856 1.117649 0.768068 0.308457 0.261288 1.119330 0.360361 0.713446 0.811745 0.895805 0.862685 0.000000
