de Poincaré
0.000000 4.753792 5.687448 0.917053 0.818433 4.833243 3.752414 6.088947 4.797284 5.915681 3.551389 3.369426 3.267007 4.646982 2.318987 0.497036 4.186439 3.992186 3.671633 3.139251
4.753792 0.000000 7.900822 5.382719 4.084834 4.989099 6.186307 7.823625 7.076303 2.102978 5.724993 3.515224 5.882358 4.753092 4.744022 4.445582 6.370155 1.723164 1.979860 4.629564
5.687448 7.900822 0.000000 6.064599 5.219124 7.181824 3.188976 6.278298 9.129469 9.075481 3.138801 5.935532 3.823259 7.030948 3.886482 5.313356 2.530480 7.286790 6.729738 4.660867
0.917053 5.382719 6.064599 0.000000 1.591715 5.408612 4.111322 6.543348 5.380694 6.537685 3.973744 3.974622 3.598325 5.226214 2.768183 1.234802 4.588456 4.639548 4.309759 3.668671
0.818433 4.084834 5.219124 1.591715 0.000000 4.146558 3.310231 5.523904 4.591952 5.263462 3.027460 2.648545 2.865310 3.956473 1.787202 0.425079 3.686784 3.320863 2.964312 2.481362
4.833243 4.989099 7.181824 5.408612 4.146558 0.000000 5.560109 6.775364 7.668316 6.237908 4.953516 1.966906 5.335464 0.445259 4.150208 4.461752 5.613125 4.614812 3.594671 3.409683
3.752414 6.186307 3.188976 4.111322 3.310231 5.560109 0.000000 5.194990 7.316560 7.362890 1.624364 4.261539 1.078894 5.402509 1.834902 3.369469 1.819958 5.553878 5.014453 3.071040
6.088947 7.823625 6.278298 6.543348 5.523904 6.775364 5.194990 0.000000 9.356646 9.008304 4.139942 5.641760 5.288653 6.641982 4.436031 5.700561 4.617215 7.249031 6.615550 4.000589
4.797284 7.076303 9.129469 5.380694 4.591952 7.668316 7.316560 9.356646 0.000000 8.180687 7.023578 6.220066 6.921474 7.474648 5.929679 4.787720 7.642658 6.234536 6.179805 6.375468
5.915681 2.102978 9.075481 6.537685 5.263462 6.237908 7.362890 9.008304 8.180687 0.000000 6.909603 4.803470 7.058029 6.008323 5.933635 5.616886 7.550203 2.972632 3.494284 5.840803
3.551389 5.724993 3.138801 3.973744 3.027460 4.953516 1.624364 4.139942 7.023578 6.909603 0.000000 3.676960 1.934879 4.800681 1.446761 3.147104 1.008952 5.108463 4.526245 2.215077
3.369426 3.515224 5.935532 3.974622 2.648545 1.966906 4.261539 5.641760 6.220066 4.803470 3.676960 0.000000 4.008797 1.697836 2.780534 2.988202 4.354886 3.079077 2.001039 2.187809
3.267007 5.882358 3.823259 3.598325 2.865310 5.335464 1.078894 5.288653 6.921474 7.058029 1.934879 4.008797 0.000000 5.173677 1.489575 2.887591 2.388654 5.236899 4.716873 2.937627
4.646982 4.753092 7.030948 5.226214 3.956473 0.445259 5.402509 6.641982 7.474648 6.008323 4.800681 1.697836 5.173677 0.000000 3.984320 4.275369 5.461889 4.384381 3.340704 3.266750
2.318987 4.744022 3.886482 2.768183 1.787202 4.150208 1.834902 4.436031 5.929679 5.933635 1.446761 2.780534 1.489575 3.984320 0.000000 1.888933 2.206107 4.096504 3.541896 1.675070
0.497036 4.445582 5.313356 1.234802 0.425079 4.461752 3.369469 5.700561 4.787720 5.616886 3.147104 2.988202 2.887591 4.275369 1.888933 0.000000 3.795506 3.692975 3.335860 2.722225
4.186439 6.370155 2.530480 4.588456 3.686784 5.613125 1.819958 4.617215 7.642658 7.550203 1.008952 4.354886 2.388654 5.461889 2.206107 3.795506 0.000000 5.755995 5.183678 2.960483
3.992186 1.723164 7.286790 4.639548 3.320863 4.614812 5.553878 7.249031 6.234536 2.972632 5.108463 3.079077 5.236899 4.384381 4.096504 3.692975 5.755995 0.000000 1.759796 4.057727
3.671633 1.979860 6.729738 4.309759 2.964312 3.594671 5.014453 6.615550 6.179805 3.494284 4.526245 2.001039 4.716873 3.340704 3.541896 3.335860 5.183678 1.759796 0.000000 3.345910
3.139251 4.629564 4.660867 3.668671 2.481362 3.409683 3.071040 4.000589 6.375468 5.840803 2.215077 2.187809 2.937627 3.266750 1.675070 2.722225 2.960483 4.057727 3.345910 0.000000
