Euclidiano
0.000000 1.005502 0.643099 0.975992 0.683253 0.784413 0.680983 0.637034 0.242552 0.503813 0.564885 0.945634 0.575572 0.811144 0.746507 0.628362 0.183043 1.064665 0.861587 0.683271 0.644137 0.283346 0.605467 0.314219 0.919930
1.005502 0.000000 0.395311 0.652351 0.440847 0.780554 0.327107 0.764097 0.767058 0.582522 0.674085 0.492696 0.437384 0.256861 0.825882 0.410218 0.866895 0.059577 0.195602 0.322762 0.735395 0.812169 0.653584 0.938552 0.178750
0.643099 0.395311 0.000000 0.499007 0.369622 0.490116 0.104353 0.646944 0.400799 0.188008 0.523262 0.386777 0.087287 0.322169 0.513336 0.253056 0.539556 0.449821 0.222187 0.150370 0.625696 0.519194 0.298122 0.543254 0.390514
0.975992 0.652351 0.499007 0.000000 0.859562 0.259141 0.578770 1.145279 0.773365 0.503835 1.020717 0.159698 0.578522 0.757196 0.324142 0.748307 0.947372 0.669955 0.491954 0.626940 1.124510 0.963717 0.370544 0.722521 0.769317
0.683253 0.440847 0.369622 0.859562 0.000000 0.853810 0.280793 0.328389 0.488846 0.482854 0.233579 0.727802 0.311665 0.184437 0.869170 0.119160 0.510200 0.494822 0.424439 0.232959 0.300856 0.427660 0.643971 0.750420 0.285445
0.784413 0.780554 0.490116 0.259141 0.853810 0.000000 0.592082 1.087432 0.620813 0.397243 0.961971 0.350352 0.542947 0.804402 0.065133 0.734745 0.796406 0.814420 0.590154 0.639931 1.071906 0.836796 0.223627 0.497685 0.850210
0.680983 0.327107 0.104353 0.578770 0.280793 0.592082 0.000000 0.582053 0.440747 0.278689 0.463435 0.449872 0.111110 0.218003 0.617121 0.173247 0.553636 0.385414 0.194086 0.049138 0.558296 0.514301 0.402310 0.622784 0.292242
0.637034 0.764097 0.646944 1.145279 0.328389 1.087432 0.582053 0.000000 0.551238 0.690482 0.125978 1.029346 0.567216 0.507965 1.086848 0.409838 0.459753 0.815050 0.748326 0.540354 0.029313 0.359506 0.864389 0.832916 0.596074
0.242552 0.767058 0.400799 0.773365 0.488846 0.620813 0.440747 0.551238 0.000000 0.276340 0.444219 0.722181 0.333653 0.588847 0.598585 0.410892 0.176522 0.825819 0.619092 0.446959 0.547253 0.225118 0.411979 0.283421 0.694312
0.503813 0.582522 0.188008 0.503835 0.482854 0.397243 0.278689 0.690482 0.276340 0.000000 0.565317 0.445969 0.182679 0.489517 0.398059 0.366376 0.445668 0.635940 0.401234 0.313330 0.675570 0.460794 0.173909 0.357396 0.570911
0.564885 0.674085 0.523262 1.020717 0.233579 0.961971 0.463435 0.125978 0.444219 0.565317 0.000000 0.907569 0.442270 0.418006 0.962367 0.294301 0.382065 0.728388 0.637691 0.424292 0.110595 0.281660 0.739176 0.727639 0.516878
0.945634 0.492696 0.386777 0.159698 0.727802 0.350352 0.449872 1.029346 0.722181 0.445969 0.907569 0.000000 0.472634 0.610009 0.411806 0.622956 0.887988 0.510713 0.337809 0.495638 1.006592 0.888475 0.363154 0.732013 0.614081
0.575572 0.437384 0.087287 0.578522 0.311665 0.542947 0.111110 0.567216 0.333653 0.182679 0.442270 0.472634 0.000000 0.308238 0.557569 0.192544 0.459833 0.495187 0.287180 0.134324 0.547260 0.433940 0.332974 0.513949 0.395846
0.811144 0.256861 0.322169 0.757196 0.184437 0.804402 0.218003 0.507965 0.588847 0.489517 0.418006 0.610009 0.308238 0.000000 0.832856 0.183191 0.652596 0.310386 0.278139 0.176641 0.479482 0.583487 0.620271 0.814375 0.110564
0.746507 0.825882 0.513336 0.324142 0.869170 0.065133 0.617121 1.086848 0.598585 0.398059 0.962367 0.411806 0.557569 0.832856 0.000000 0.750101 0.771912 0.862408 0.632860 0.663674 1.072850 0.819282 0.226376 0.450267 0.885340
0.628362 0.410218 0.253056 0.748307 0.119160 0.734745 0.173247 0.409838 0.410892 0.366376 0.294301 0.622956 0.192544 0.183191 0.750101 0.000000 0.469974 0.468825 0.344237 0.130566 0.385523 0.404921 0.525141 0.654085 0.293151
0.183043 0.866895 0.539556 0.947372 0.510200 0.796406 0.553636 0.459753 0.176522 0.445668 0.382065 0.887988 0.459833 0.652596 0.771912 0.469974 0.000000 0.926470 0.744573 0.545808 0.464701 0.101264 0.588391 0.404917 0.762957
1.064665 0.059577 0.449821 0.669955 0.494822 0.814420 0.385414 0.815050 0.825819 0.635940 0.728388 0.510713 0.495187 0.310386 0.862408 0.468825 0.926470 0.000000 0.241040 0.382202 0.786132 0.871420 0.698780 0.992811 0.221873
0.861587 0.195602 0.222187 0.491954 0.424439 0.590154 0.194086 0.748326 0.619092 0.401234 0.637691 0.337809 0.287180 0.278139 0.632860 0.344237 0.744573 0.241040 0.000000 0.218512 0.722165 0.708303 0.458452 0.758471 0.277395
0.683271 0.322762 0.150370 0.626940 0.232959 0.639931 0.049138 0.540354 0.446959 0.313330 0.424292 0.495638 0.134324 0.176641 0.663674 0.130566 0.545808 0.382202 0.218512 0.000000 0.515828 0.498213 0.446436 0.647333 0.261695
0.644137 0.735395 0.625696 1.124510 0.300856 1.071906 0.558296 0.029313 0.547253 0.675570 0.110595 1.006592 0.547260 0.479482 1.072850 0.385523 0.464701 0.786132 0.722165 0.515828 0.000000 0.363692 0.849359 0.830022 0.566948
0.283346 0.812169 0.519194 0.963717 0.427660 0.836796 0.514301 0.359506 0.225118 0.460794 0.281660 0.888475 0.433940 0.583487 0.819282 0.404921 0.101264 0.871420 0.708303 0.498213 0.363692 0.000000 0.619625 0.488346 0.693913
0.605467 0.653584 0.298122 0.370544 0.643971 0.223627 0.402310 0.864389 0.411979 0.173909 0.739176 0.363154 0.332974 0.620271 0.226376 0.525141 0.588391 0.698780 0.458452 0.446436 0.849359 0.619625 0.000000 0.368868 0.684185
0.314219 0.938552 0.543254 0.722521 0.750420 0.497685 0.622784 0.832916 0.283421 0.357396 0.727639 0.732013 0.513949 0.814375 0.450267 0.654085 0.404917 0.992811 0.758471 0.647333 0.830022 0.488346 0.368868 0.000000 0.908856
0.919930 0.178750 0.390514 0.769317 0.285445 0.850210 0.292242 0.596074 0.694312 0.570911 0.516878 0.614081 0.395846 0.110564 0.885340 0.293151 0.762957 0.221873 0.277395 0.261695 0.566948 0.693913 0.684185 0.908856 0.000000
