de Poincaré
0.000000 4.698051 4.013564 3.961378 3.336165 1.955580 8.727888 3.876548 3.992486 4.801139 5.143059 2.090738 5.716118 6.760510 7.323839 7.688860 6.223703 1.612373 8.320123 3.295315 5.800071 3.964684 6.956528 4.473946 3.578730
4.698051 0.000000 0.640095 2.972510 2.365074 3.405585 6.081239 1.044694 1.663745 1.146925 1.726601 3.541170 2.206720 4.397825 4.107082 3.485793 4.467333 3.974767 4.189391 3.741541 2.911807 0.779145 7.509592 0.475125 1.043160
4.013564 0.640095 0.000000 2.421432 1.613130 2.713004 5.551658 0.397884 0.964800 1.229293 1.745955 2.862840 1.936529 3.789495 4.096823 3.839462 3.777737 3.295467 4.540803 3.110735 2.769473 0.410157 6.798696 0.620769 0.422921
3.961378 2.972510 2.421432 0.000000 2.708588 2.539774 7.643522 2.495069 2.874565 2.716638 2.941357 2.474716 4.377491 5.777034 5.161006 6.016368 5.474062 3.010297 6.583320 1.980783 3.403963 2.148122 7.491225 2.616282 2.031005
3.336165 2.365074 1.613130 2.708588 0.000000 2.031474 6.137561 1.305832 1.132421 2.699375 3.130535 2.315861 3.165217 4.083803 5.405170 5.453945 3.480615 2.706498 6.137730 2.932176 3.949553 1.718424 5.806592 2.225730 1.213901
1.955580 3.405585 2.713004 2.539774 2.031474 0.000000 7.548842 2.583677 2.718017 3.485738 3.833493 0.516151 4.482499 5.588152 6.054082 6.446030 5.086763 0.898360 7.074942 1.924238 4.502623 2.635474 6.281525 3.163170 2.251271
8.727888 6.081239 5.551658 7.643522 6.137561 7.548842 0.000000 5.298968 5.233723 6.813864 7.288254 7.738511 5.377402 4.905918 9.470254 8.783967 6.679222 8.111118 9.610170 8.111329 8.209558 5.944353 11.120499 6.208120 5.624381
3.876548 1.044694 0.397884 2.495069 1.305832 2.583677 5.298968 0.000000 0.547677 1.628583 2.123964 2.758177 1.867674 3.469659 4.440380 4.163672 3.417840 3.180733 4.891136 3.078777 3.086671 0.716678 6.566410 1.042028 0.418042
3.992486 1.663745 0.964800 2.874565 1.132421 2.718017 5.233723 0.547677 0.000000 2.247877 2.733739 2.927128 2.132084 3.250312 5.026851 4.747230 3.073462 3.332756 5.487903 3.340995 3.657781 1.270530 6.512951 1.660490 0.838271
4.801139 1.146925 1.229293 2.716638 2.699375 3.485738 6.813864 1.628583 2.247877 0.000000 0.628198 3.586108 3.174285 5.074786 3.328162 4.162830 5.021252 4.038281 4.626018 3.675278 2.013880 0.920591 7.766575 0.703563 1.340340
5.143059 1.726601 1.745955 2.941357 3.130535 3.833493 7.288254 2.123964 2.733739 0.628198 0.000000 3.920264 3.694836 5.545006 2.960121 4.610769 5.472070 4.372991 5.016730 3.965491 1.592443 1.415326 8.148581 1.290612 1.797149
2.090738 3.541170 2.862840 2.474716 2.315861 0.516151 7.738511 2.758177 2.927128 3.586108 3.920264 0.000000 4.652895 5.791446 6.131747 6.574115 5.316263 0.738828 7.195482 1.605545 4.564977 2.763162 6.592897 3.286651 2.405087
5.716118 2.206720 1.936529 4.377491 3.165217 4.482499 5.377402 1.867674 2.132084 3.174285 3.694836 4.652895 0.000000 4.035835 5.922653 4.820582 4.595656 5.053021 5.754076 4.961208 4.712211 2.390462 8.294741 2.494926 2.233392
6.760510 4.397825 3.789495 5.777034 4.083803 5.588152 4.905918 3.469659 3.250312 5.074786 5.545006 5.791446 4.035835 0.000000 7.742236 7.205785 4.017072 6.157951 8.000206 6.201619 6.448777 4.161021 9.067191 4.479442 3.781531
7.323839 4.107082 4.096823 5.161006 5.405170 6.054082 9.470254 4.440380 5.026851 3.328162 2.960121 6.131747 5.922653 7.742236 0.000000 6.647938 7.673562 6.568307 6.956430 6.154336 3.081442 3.841521 10.327115 3.765631 4.136241
7.688860 3.485793 3.839462 6.016368 5.453945 6.446030 8.783967 4.163672 4.747230 4.162830 4.610769 6.574115 4.820582 7.205785 6.647938 0.000000 7.362356 6.988086 3.911495 6.759299 5.727260 4.002201 10.465467 3.749942 4.186437
6.223703 4.467333 3.777737 5.474062 3.480615 5.086763 6.679222 3.417840 3.073462 5.021252 5.472070 5.316263 4.595656 4.017072 7.673562 7.362356 0.000000 5.661757 8.110336 5.801768 6.332470 4.074222 8.301538 4.468548 3.623119
1.612373 3.974767 3.295467 3.010297 2.706498 0.898360 8.111118 3.180733 3.332756 4.038281 4.372991 0.738828 5.053021 6.157951 6.568307 6.988086 5.661757 0.000000 7.612130 2.125458 5.017330 3.213787 6.749164 3.731035 2.846881
8.320123 4.189391 4.540803 6.583320 6.137730 7.074942 9.610170 4.891136 5.487903 4.626018 5.016730 7.195482 5.754076 8.000206 6.956430 3.911495 8.110336 7.612130 0.000000 7.357689 6.137278 4.624409 11.131176 4.346776 4.850675
3.295315 3.741541 3.110735 1.980783 2.932176 1.924238 8.111329 3.078777 3.340995 3.675278 3.965491 1.605545 4.961208 6.201619 6.154336 6.759299 5.801768 2.125458 7.357689 0.000000 4.530835 2.945042 7.395205 3.450040 2.674067
5.800071 2.911807 2.769473 3.403963 3.949553 4.502623 8.209558 3.086671 3.657781 2.013880 1.592443 4.564977 4.712211 6.448777 3.081442 5.727260 6.332470 5.017330 6.137278 4.530835 0.000000 2.430445 8.879716 2.487252 2.710408
3.964684 0.779145 0.410157 2.148122 1.718424 2.635474 5.944353 0.716678 1.270530 0.920591 1.415326 2.763162 2.390462 4.161021 3.841521 4.002201 4.074222 3.213787 4.624409 2.945042 2.430445 0.000000 6.868885 0.479865 0.432111
6.956528 7.509592 6.798696 7.491225 5.806592 6.281525 11.120499 6.566410 6.512951 7.766575 8.148581 6.592897 8.294741 9.067191 10.327115 10.465467 8.301538 6.749164 11.131176 7.395205 8.879716 6.868885 0.000000 7.356008 6.417455
4.473946 0.475125 0.620769 2.616282 2.225730 3.163170 6.208120 1.042028 1.660490 0.703563 1.290612 3.286651 2.494926 4.479442 3.765631 3.749942 4.468548 3.731035 4.346776 3.450040 2.487252 0.479865 7.356008 0.000000 0.875201
3.578730 1.043160 0.422921 2.031005 1.213901 2.251271 5.624381 0.418042 0.838271 1.340340 1.797149 2.405087 2.233392 3.781531 4.136241 4.186437 3.623119 2.846881 4.850675 2.674067 2.710408 0.432111 6.417455 0.875201 0.000000
