Euclidiano
0.000000 0.560309 0.276399 0.588150 0.794841 0.855643 0.937202 0.378427 0.115259 0.735405
0.560309 0.000000 0.284037 0.439329 0.567810 0.574925 0.652276 0.277094 0.481735 0.220866
0.276399 0.284037 0.000000 0.432578 0.627692 0.669959 0.754272 0.184403 0.204499 0.470687
0.588150 0.439329 0.432578 0.000000 0.206855 0.270349 0.349830 0.587567 0.473013 0.644066
0.794841 0.567810 0.627692 0.206855 0.000000 0.082315 0.147213 0.766410 0.679773 0.739368
0.855643 0.574925 0.669959 0.270349 0.082315 0.000000 0.084313 0.795277 0.740397 0.727452
0.937202 0.652276 0.754272 0.349830 0.147213 0.084313 0.000000 0.878240 0.821950 0.794532
0.378427 0.277094 0.184403 0.587567 0.766410 0.795277 0.878240 0.000000 0.353442 0.380057
0.115259 0.481735 0.204499 0.473013 0.679773 0.740397 0.821950 0.353442 0.000000 0.675172
0.735405 0.220866 0.470687 0.644066 0.739368 0.727452 0.794532 0.380057 0.675172 0.000000
