de Poincaré
0.000000 3.570262 4.271369 2.576556 7.244224 2.026783 5.122988 8.121853 1.539896 0.950972 1.324669 3.545872 1.894532 2.719378 2.387700 2.624363 3.403301 3.994486 6.802316 1.720645 1.073879 2.450322 4.017396 3.113576 1.067291 1.116759 1.261979 3.365456 1.434019 2.604883
3.570262 0.000000 3.472385 3.647891 8.243010 4.622209 6.303824 10.066063 4.873372 4.178372 2.997316 6.595991 2.311881 5.845575 2.172031 1.689040 5.072613 5.471334 9.415316 2.864925 3.069641 1.375387 4.660021 5.054590 2.782476 3.502338 3.718393 5.873880 2.403812 5.148997
4.271369 3.472385 0.000000 4.923889 7.989558 5.527739 6.157611 10.282277 5.527774 4.745797 4.055907 7.214670 2.609045 6.536929 2.261682 2.312852 6.165976 6.603484 9.861951 4.071897 3.508017 2.984623 4.120540 5.249252 3.750702 3.932859 4.661113 6.262540 2.872505 6.047085
2.576556 3.647891 4.923889 0.000000 8.522958 2.798351 6.489615 9.842742 3.848800 3.397508 1.364714 5.648583 2.799494 4.714390 3.128759 3.128285 2.389997 2.687297 8.827241 1.097046 2.751904 2.612493 5.163809 4.870071 1.628843 3.080525 1.913494 5.389569 2.486976 3.344891
7.244224 8.243010 7.989558 8.522958 0.000000 8.725603 5.243548 11.988140 8.353354 7.447480 7.504083 9.969586 6.292668 9.419034 6.587756 7.039765 9.582937 10.063022 12.256784 7.661993 6.275940 7.327928 5.648652 6.938061 7.155259 6.516865 7.926961 8.516113 6.210480 9.233472
2.026783 4.622209 5.527739 2.798351 8.725603 0.000000 6.644011 9.739713 2.876903 2.839969 1.951102 4.771427 3.279134 3.523057 3.711856 3.853769 2.906940 3.698934 8.403677 2.325741 2.767235 3.549697 5.470926 4.801114 2.021713 2.942582 1.182195 5.069436 2.853981 0.816134
5.122988 6.303824 6.157611 6.489615 5.243548 6.644011 0.000000 9.593154 6.212843 5.279286 5.449468 7.823893 4.307183 7.293188 4.654426 5.106755 7.532917 8.019297 10.043708 5.623997 4.137036 5.359729 4.164848 4.505157 5.095987 4.331629 5.850486 6.262105 4.173290 7.152511
8.121853 10.066063 10.282277 9.842742 11.988140 9.739713 9.593154 0.000000 8.966319 7.968422 8.757413 10.476035 8.146003 10.096195 8.604163 8.979642 10.777231 11.289935 12.090868 8.999600 7.385488 9.066925 9.292212 6.191140 8.415151 7.285971 9.015494 7.983022 7.812914 10.236422
1.539896 4.873372 5.527774 3.848800 8.353354 2.876903 6.212843 8.966319 0.000000 1.392146 2.693527 2.573356 3.219352 1.815503 3.707474 3.950825 4.506719 5.113568 7.057832 3.080407 2.323077 3.798036 5.202864 4.060229 2.469222 2.244032 2.455801 3.893658 2.754633 3.357747
0.950972 4.178372 4.745797 3.397508 7.447480 2.839969 5.279286 7.968422 1.392146 0.000000 2.186793 3.279642 2.383291 2.836366 2.894896 3.182012 4.211427 4.785439 6.269017 2.548519 1.339847 3.085796 4.313139 2.986613 1.885961 1.122644 2.175059 2.855155 1.916716 3.368479
1.324669 2.997316 4.055907 1.364714 7.504083 1.951102 5.449468 8.757413 2.693527 2.186793 0.000000 4.554454 1.778367 3.636818 2.172179 2.255744 2.572321 3.113516 7.721620 0.454970 1.580040 1.854488 4.156220 3.754311 0.357615 1.885554 0.878126 4.262006 1.416807 2.560269
3.545872 6.595991 7.214670 5.648583 9.969586 4.771427 7.823893 10.476035 2.573356 3.279642 4.554454 0.000000 4.960987 3.186847 5.436437 5.682448 6.293655 6.883051 8.243228 4.908578 4.092571 5.549679 6.856528 5.643797 4.325878 4.006942 4.382600 5.306697 4.511265 5.202597
1.894532 2.311881 2.609045 2.799494 6.292668 3.279134 4.307183 8.146003 3.219352 2.383291 1.778367 4.960987 0.000000 4.275713 0.516088 0.948801 4.025917 4.496720 7.635360 1.859043 1.090970 1.223711 2.686549 3.038679 1.436147 1.528836 2.370527 4.011368 0.400780 3.821661
2.719378 5.845575 6.536929 4.714390 9.419034 3.523057 7.293188 10.096195 1.815503 2.836366 3.636818 3.186847 4.275713 0.000000 4.744922 4.965735 5.264187 5.884457 8.239396 4.012802 3.477340 4.790361 6.262792 5.221618 3.458901 3.464164 3.315348 5.117911 3.823439 3.917562
2.387700 2.172031 2.261682 3.128759 6.587756 3.711856 4.654426 8.604163 3.707474 2.894896 2.172179 5.436437 0.516088 4.744922 0.000000 0.603406 4.396049 4.851069 8.116909 2.205717 1.605077 1.202271 2.858349 3.517599 1.845666 2.052268 2.803779 4.503938 0.890069 4.249376
2.624363 1.689040 2.312852 3.128285 7.039765 3.853769 5.106755 8.979642 3.950825 3.182012 2.255744 5.682448 0.948801 4.965735 0.603406 0.000000 4.459037 4.897356 8.422070 2.227592 1.953083 0.857558 3.358961 3.921931 1.962646 2.402931 2.937089 4.837508 1.220051 4.390489
3.403301 5.072613 6.165976 2.389997 9.582937 2.906940 7.532917 10.777231 4.506719 4.211427 2.572321 6.293655 4.025917 5.264187 4.396049 4.459037 0.000000 1.502452 9.634396 2.652619 3.782579 4.053907 6.278815 5.835620 2.797340 4.051147 2.503616 6.249971 3.662876 3.332396
3.994486 5.471334 6.603484 2.687297 10.063022 3.698934 8.019297 11.289935 5.113568 4.785439 3.113516 6.883051 4.496720 5.884457 4.851069 4.897356 1.502452 0.000000 10.179185 3.119647 4.304806 4.475686 6.750793 6.349569 3.328418 4.586154 3.195553 6.787543 4.149550 4.131183
6.802316 9.415316 9.861951 8.827241 12.256784 8.403677 10.043708 12.090868 7.057832 6.269017 7.721620 8.243228 7.635360 8.239396 8.116909 8.422070 9.634396 10.179185 0.000000 8.024369 6.689270 8.387086 9.272333 7.463108 7.418675 6.478453 7.795184 5.797803 7.213207 8.879278
1.720645 2.864925 4.071897 1.097046 7.661993 2.325741 5.623997 8.999600 3.080407 2.548519 0.454970 4.908578 1.859043 4.012802 2.205717 2.227592 2.652619 3.119647 8.024369 0.000000 1.830387 1.733818 4.284113 3.998188 0.655946 2.172675 1.296722 4.555559 1.547533 2.911348
1.073879 3.069641 3.508017 2.751904 6.275940 2.767235 4.137036 7.385488 2.323077 1.339847 1.580040 4.092571 1.090970 3.477340 1.605077 1.953083 3.782579 4.304806 6.689270 1.830387 0.000000 1.964502 3.027256 2.238726 1.217338 0.407802 1.920358 3.019792 0.686770 3.312560
2.450322 1.375387 2.984623 2.612493 7.327928 3.549697 5.359729 9.066925 3.798036 3.085796 1.854488 5.549679 1.223711 4.790361 1.202271 0.857558 4.053907 4.475686 8.387086 1.733818 1.964502 0.000000 3.765540 4.030138 1.624728 2.403461 2.607718 4.837145 1.286487 4.092768
4.017396 4.660021 4.120540 5.163809 5.648652 5.470926 4.164848 9.292212 5.202864 4.313139 4.156220 6.856528 2.686549 6.262792 2.858349 3.358961 6.278815 6.750793 9.272333 4.284113 3.027256 3.765540 0.000000 4.187861 3.804401 3.359118 4.639471 5.570886 2.751016 5.987163
3.113576 5.054590 5.249252 4.870071 6.938061 4.801114 4.505157 6.191140 4.060229 2.986613 3.754311 5.643797 3.038679 5.221618 3.517599 3.921931 5.835620 6.349569 7.463108 3.998188 2.238726 4.030138 4.187861 0.000000 3.395556 2.123095 4.041198 3.354777 2.709131 5.311286
1.067291 2.782476 3.750702 1.628843 7.155259 2.021713 5.095987 8.415151 2.469222 1.885961 0.357615 4.325878 1.436147 3.458901 1.845666 1.962646 2.797340 3.328418 7.418675 0.655946 1.217338 1.624728 3.804401 3.395556 0.000000 1.525924 0.991626 3.934637 1.069646 2.617296
1.116759 3.502338 3.932859 3.080525 6.516865 2.942582 4.331629 7.285971 2.244032 1.122644 1.885554 4.006942 1.528836 3.464164 2.052268 2.402931 4.051147 4.586154 6.478453 2.172675 0.407802 2.403461 3.359118 2.123095 1.525924 0.000000 2.136244 2.752874 1.106019 3.482865
1.261979 3.718393 4.661113 1.913494 7.926961 1.182195 5.850486 9.015494 2.455801 2.175059 0.878126 4.382600 2.370527 3.315348 2.803779 2.937089 2.503616 3.195553 7.795184 1.296722 1.920358 2.607718 4.639471 4.041198 0.991626 2.136244 0.000000 4.399214 1.952471 1.874019
3.365456 5.873880 6.262540 5.389569 8.516113 5.069436 6.262105 7.983022 3.893658 2.855155 4.262006 5.306697 4.011368 5.117911 4.503938 4.837508 6.249971 6.787543 5.797803 4.555559 3.019792 4.837145 5.570886 3.354777 3.934637 2.752874 4.399214 0.000000 3.596909 5.563101
1.434019 2.403812 2.872505 2.486976 6.210480 2.853981 4.173290 7.812914 2.754633 1.916716 1.416807 4.511265 0.400780 3.823439 0.890069 1.220051 3.662876 4.149550 7.213207 1.547533 0.686770 1.286487 2.751016 2.709131 1.069646 1.106019 1.952471 3.596909 0.000000 3.400278
2.604883 5.148997 6.047085 3.344891 9.233472 0.816134 7.152511 10.236422 3.357747 3.368479 2.560269 5.202597 3.821661 3.917562 4.249376 4.390489 3.332396 4.131183 8.879278 2.911348 3.312560 4.092768 5.987163 5.311286 2.617296 3.482865 1.874019 5.563101 3.400278 0.000000
