de Poincaré
0.000000 6.414818 7.897065 6.736496 5.016002 4.790922 6.649668 4.034057 2.609639 1.897306 3.072519 5.356376 4.361644 3.451762 6.712393
6.414818 0.000000 7.107855 3.821221 3.693987 5.166735 3.415981 2.906937 4.478795 5.220526 4.158859 1.802044 4.409338 3.224331 2.283071
7.897065 7.107855 0.000000 6.606126 4.156870 5.218638 6.673251 4.496596 6.108125 6.674558 6.062713 6.340937 6.866305 5.207605 7.666796
6.736496 3.821221 6.606126 0.000000 3.087343 5.089579 1.109045 2.891298 4.834562 5.527635 4.610588 3.577703 5.108819 3.626764 4.791629
5.016002 3.693987 4.156870 3.087343 0.000000 2.818207 3.158060 1.044687 3.095933 3.757820 2.972603 2.927284 3.718285 1.992651 4.320567
4.790922 5.166735 5.218638 5.089579 2.818207 0.000000 5.069523 2.323598 3.063877 3.498746 3.202228 4.241327 4.263538 2.562544 5.616946
6.649668 3.415981 6.673251 1.109045 3.158060 5.069523 0.000000 2.833734 4.740628 5.442456 4.501450 3.296246 4.966323 3.517787 4.479064
4.034057 2.906937 4.496596 2.891298 1.044687 2.323598 2.833734 0.000000 2.042309 2.758034 1.871084 1.978767 2.596465 0.901956 3.425951
2.609639 4.478795 6.108125 4.834562 3.095933 3.063877 4.740628 2.042309 0.000000 1.097799 0.726911 3.371396 2.341403 1.293642 4.778222
1.897306 5.220526 6.674558 5.527635 3.757820 3.498746 5.442456 2.758034 1.097799 0.000000 1.742002 4.150193 3.210670 2.140738 5.530629
3.072519 4.158859 6.062713 4.610588 2.972603 3.202228 4.501450 1.871084 0.726911 1.742002 0.000000 3.002249 1.703836 0.994326 4.423061
5.356376 1.802044 6.340937 3.577703 2.927284 4.241327 3.296246 1.978767 3.371396 4.150193 3.002249 0.000000 3.157469 2.087408 1.893492
4.361644 4.409338 6.866305 5.108819 3.718285 4.263538 4.966323 2.596465 2.341403 3.210670 1.703836 3.157469 0.000000 1.815535 4.539809
3.451762 3.224331 5.207605 3.626764 1.992651 2.562544 3.517787 0.901956 1.293642 2.140738 0.994326 2.087408 1.815535 0.000000 3.552583
6.712393 2.283071 7.666796 4.791629 4.320567 5.616946 4.479064 3.425951 4.778222 5.530629 4.423061 1.893492 4.539809 3.552583 0.000000
