de Poincaré
0.000000 3.398096 3.852427 7.933470 2.367634 6.988783 3.406369 8.220732 2.354641 5.501843 5.922711 0.821520 1.900634 6.840412 6.693239
3.398096 0.000000 3.067218 5.011672 1.336458 5.274432 1.438105 5.589865 1.324620 4.513168 3.298734 2.852482 2.536308 3.860181 3.736576
3.852427 3.067218 0.000000 7.777409 2.375869 7.441242 2.109064 7.286325 2.525947 2.470314 4.921848 3.356256 2.434050 6.177314 6.538979
7.933470 5.011672 7.777409 0.000000 6.109425 8.890944 6.265415 9.942925 6.073746 9.165064 7.772312 7.429247 7.211253 7.821710 2.113222
2.367634 1.336458 2.375869 6.109425 0.000000 5.538671 1.366806 6.305348 0.168925 4.017914 3.974726 1.745842 1.350116 4.903556 4.856244
6.988783 5.274432 7.441242 8.890944 5.538671 0.000000 6.229201 10.470000 5.438245 8.900424 8.236253 6.507353 6.529099 8.773224 7.650027
3.406369 1.438105 2.109064 6.265415 1.366806 6.229201 0.000000 5.504407 1.488390 3.528682 3.069832 2.863031 2.247996 4.415543 5.018855
8.220732 5.589865 7.286325 9.942925 6.305348 10.470000 5.504407 0.000000 6.367241 8.509868 3.597035 7.715893 7.264144 6.541653 8.714928
2.354641 1.324620 2.525947 6.073746 0.168925 5.438245 1.488390 6.367241 0.000000 4.153213 4.044013 1.729208 1.433484 4.935833 4.819337
5.501843 4.513168 2.470314 9.165064 4.017914 8.900424 3.528682 8.509868 4.153213 0.000000 6.149464 5.029459 4.232968 7.477305 7.930470
5.922711 3.298734 4.921848 7.772312 3.974726 8.236253 3.069832 3.597035 4.044013 6.149464 0.000000 5.412303 4.939466 4.616368 6.539242
0.821520 2.852482 3.356256 7.429247 1.745842 6.507353 2.863031 7.715893 1.729208 5.029459 5.412303 0.000000 1.327916 6.331383 6.186578
1.900634 2.536308 2.434050 7.211253 1.350116 6.529099 2.247996 7.264144 1.433484 4.232968 4.939466 1.327916 0.000000 5.950210 5.968168
6.840412 3.860181 6.177314 7.821710 4.903556 8.773224 4.415543 6.541653 4.935833 7.477305 4.616368 6.331383 5.950210 0.000000 6.594680
6.693239 3.736576 6.538979 2.113222 4.856244 7.650027 5.018855 8.714928 4.819337 7.930470 6.539242 6.186578 5.968168 6.594680 0.000000
